970
408
627
774
374
425
292
570
681
971
141
468
271
120
450
298
802
34
448
979
181
117
322
885
733
31
818
582
83
524
104
285
932
964
292
306
621
584
109
302
555
250
2
59
602
452
357
404
486
37
616
667
154
938
552
887
969
602
701
284
358
37
802
290
1
94
829
854
678
938
156
466
420
391
757
22
843
346
658
330
383
274
229
537
444
14
656
646
616
357
930
975
626
964
497
860
290
558
714
969
496
871
667
148
262
424
402
337
770
61
899
153
567
129
922
12
375
810
658
991
399
820
198
25
17
696
885
307
254
600
508
983
703
175
363
197
831
998
534
833
291
434
218
858
795
140
102
170
182
992
